4
0 0
10 10
0 10
10 0

10

1	5
11	5
21	5
31	5
41	5
45	5
55	5
65	5
75	5
85	5






1000

7880	7892
9904	6513
8400	3968
5307	8586
2929	1875
915	4049
3164	268
2536	9072
2324	8485
7337	8660
2362	3090
4642	3335
1056	3066
4557	6513
4898	6692
5562	8358
7896	1980
5428	8753
776	337
5158	8122
6	9702
3672	6884
6309	5568
8567	9226
1377	6161
8902	2099
2708	364
7452	132
2470	946
3336	7933
7286	5170
6778	3109
675	2841
2700	368
7311	3341
9079	633
2888	2936
8117	4314
6222	1613
1705	9981
4061	9455
9995	9367
5388	800
2202	381
2068	4892
5483	6957
6608	3542
3184	1226
4704	2806
1754	3323
8709	713
248	2396
1083	9104
3905	2957
3627	3594
9173	9535
7358	1771
878	7807
4369	6991
1026	8626
574	4370
7519	6882
5400	9640
9836	7751
587	5307
1963	75
1299	6454
3830	7344
4264	1383
9209	5980
6725	7300
8517	3501
667	7029
8368	9145
9318	5013
7202	7497
9341	7800
7288	5577
4170	9359
7971	1231
6779	704
8518	2666
8903	3964
4917	8897
477	8843
2393	4581
4534	7181
1325	9994
695	4176
763	5219
6194	1755
1927	2459
1576	2369
369	62
9498	2505
9024	5695
2799	2454
1421	2809
791	1271
2091	9169
2453	3425
6580	7156
6669	4675
5150	6525
8219	9812
6267	3215
6558	3186
2926	2737
4531	9298
1622	8287
6732	9859
4480	4135
2205	5785
8170	6943
4953	7482
9473	6551
8466	5002
6684	8840
5512	2616
4846	9822
5050	6812
2955	2364
3982	3758
1270	621
2654	4533
3403	2265
4524	3006
6369	8773
1279	7923
6181	511
3674	6502
6327	3279
4829	7102
8430	3583
7740	2834
7815	9767
6823	6065
4090	5105
4765	5091
9811	9247
9417	9902
2185	6168
4970	7614
818	4124
4939	2662
8273	1487
889	6126
3403	8143
1488	8152
1233	9794
9797	7932
6489	6225
4487	2176
4782	778
5625	4109
4123	8873
3552	1458
8832	896
5798	51
7256	2818
9945	4643
5821	6994
8368	1791
3337	149
3048	4070
6019	7920
4927	1756
7432	7983
1462	1044
1192	6641
383	8971
8119	1050
2477	8966
4301	2324
8965	79
9866	2683
4318	6343
2982	4489
7330	7586
2684	2753
4529	7603
5489	1787
3332	9096
7209	3055
8115	3652
4049	8597
7759	2348
632	9530
4515	8762
3411	4194
1311	7564
5766	9502
5458	3619
2947	6459
2607	218
2594	9974
3369	7107
66	649
8729	6817
7741	3236
8384	8911
5802	3380
615	5677
1505	4936
1488	22
962	8430
378	8612
3105	2933
9327	9612
3650	8544
955	2321
3893	1608
529	3088
4760	4675
4281	8739
9150	1063
8805	3869
8504	2449
2542	8490
7581	8637
4907	219
3600	3109
9479	9557
4724	5708
5411	2654
4689	6615
3315	3149
5819	5771
9550	1864
8055	3892
602	6851
7507	8460
4920	1870
5430	2568
9808	6688
5125	9780
448	7564
2442	3095
3053	1481
8351	5204
5580	9677
7633	3676
6766	2194
846	8891
8265	3015
2262	6725
9023	4732
6361	4441
4479	1662
5196	9932
6582	8748
6686	7650
5160	5953
7045	2244
8730	3524
4784	7101
5639	209
8713	9570
6863	9853
7078	9226
8370	6873
7419	6786
4753	5397
8774	8948
2759	4456
7586	4074
3704	909
2269	2543
8541	5223
4708	7418
3319	7358
3055	5285
6329	3028
3661	352
6098	2247
6597	9080
9724	1644
621	4074
3326	4444
6729	9932
3647	8334
5087	2459
5028	6811
5896	8040
334	5196
4075	3251
4042	4239
9001	7554
6454	8623
4778	803
1644	2657
1369	3230
6835	1917
9934	7752
1472	312
218	2452
7058	7854
4726	2509
2190	4203
3145	1345
9782	5451
6898	4187
2855	2903
8511	6939
639	6371
8093	8334
2954	9670
1655	1310
4235	7635
4662	106
476	9407
8335	5763
6975	7033
2342	2514
8183	956
2692	5408
8108	7178
583	6556
8005	9876
1764	9666
1872	1874
9304	8206
2486	204
4274	8815
8283	6259
2853	7138
8038	1677
7972	3983
6902	7720
9171	5938
6500	99
216	8382
6031	8576
6760	9347
385	5992
4233	6518
9652	1780
7137	8676
2505	901
1133	3594
9968	2034
5349	7859
3571	677
6322	7874
3390	257
9487	2227
1135	2248
9826	8247
6864	5930
3714	7172
6824	7316
6168	7034
6277	1452
9580	2340
3800	3371
9798	6795
7376	9716
5744	8297
4916	2818
3016	792
6654	1642
9350	3245
6827	3804
3500	5301
7718	2537
2127	2464
2537	7898
7944	2408
427	7672
5082	8852
3266	1871
6953	6111
9479	5574
6260	1675
4298	5612
3530	4277
4768	5368
2993	9978
351	6646
730	7559
2277	4495
1545	9186
3651	788
4240	2703
3113	8383
3791	227
8253	30
7374	2903
1029	2124
6120	266
5564	231
7198	3570
8315	8856
7760	7850
7681	6583
4613	5368
312	8011
8675	3249
8715	5140
7026	8055
3842	8156
2532	282
8496	6734
3381	5402
6488	5585
4314	9022
6089	4362
6197	2513
1301	452
2272	9714
9946	3872
7734	1353
9036	5985
3899	2128
2397	9058
3370	3877
1734	796
5615	9579
6596	9076
1034	1971
3632	9079
2208	9065
6782	4813
6983	3401
2461	240
1584	381
4800	9600
4576	3297
29	886
243	275
4980	4500
25	5914
8457	5699
6516	4641
7824	1310
2478	3098
9326	6834
3101	5865
2547	1027
5763	454
4619	7321
6129	8275
7908	439
2922	3286
9433	6673
3815	8301
1	2352
7478	2249
7078	5393
1056	5273
5685	7736
1442	3451
8485	1914
4309	8263
7051	2331
4907	80
9101	7336
4284	9006
5056	5542
9539	1072
8345	739
7725	7481
9226	944
5983	5087
8482	7906
8950	846
2944	1340
8670	7835
5400	9437
185	4094
5339	540
5352	2511
9428	6364
513	2531
5323	4815
6883	1320
9203	4392
9183	1795
7229	2455
7464	7175
1141	1231
4281	7849
1363	2210
5033	4255
7511	1905
9028	3787
333	3575
5152	4256
2622	7708
6889	5697
7780	4095
8860	1052
7473	2371
6344	1157
1780	1627
9715	6907
5047	8882
6109	935
4373	7359
1254	7646
5030	7635
3793	8898
5910	5003
9632	8402
9823	1181
1262	5788
2138	2843
9948	8282
5236	6297
3783	6654
7321	1842
1518	8607
756	6510
9329	1439
8168	5626
1563	2384
5363	3413
6308	4681
3701	2963
2924	7803
3380	6147
5773	7895
5988	3241
530	6583
9497	3056
8864	8467
3552	6833
23	1781
1563	1804
4823	1874
2474	1485
6964	5887
9268	318
9459	6744
2142	4803
6775	929
6019	7358
9450	9663
948	9456
3104	1378
1478	5526
7101	5734
3366	4208
2113	9900
4371	9071
5499	8502
7007	8436
4614	5648
3578	5183
3509	3784
6208	3843
1575	7709
2301	7815
1664	8776
9854	5680
1886	1657
2948	8916
2897	4532
9017	4402
9514	2183
5059	5938
3862	7691
5711	9202
1531	1312
3839	6713
7825	8014
3624	202
8834	2816
8740	3885
7194	3911
292	9711
1635	5531
2351	7615
3967	5517
1031	6245
414	2186
7393	808
8385	2988
5151	6188
6405	2622
6253	2045
4813	7683
3213	7319
2707	3912
2823	5136
7654	2126
2956	658
7572	7238
5613	8270
547	2232
7640	6202
2673	3893
1451	1479
7187	6365
1499	1569
5457	5362
4736	7308
3629	8845
4203	9270
918	1265
5435	8095
2249	6579
8942	8963
7323	4031
5900	3440
2767	938
7978	8146
5604	5958
7675	6229
3398	7586
9205	7218
2935	5717
2357	99
9345	4127
7737	801
1783	8841
2361	1159
46	2821
3865	4650
1251	9487
7691	6229
1985	3051
7789	994
5063	9327
6644	2006
8	8007
4111	4378
2108	6708
679	6065
4767	6801
3357	2155
6057	6665
7294	9190
9065	6160
8530	2353
2530	6304
4753	1484
2008	4650
4360	6368
7730	6767
969	3851
5336	6875
4293	5897
979	2041
3646	3288
5818	8597
123	724
7942	8445
2569	5131
4041	6602
6457	4345
8412	5357
355	4148
997	5062
8770	347
2215	2096
7350	3785
7488	6985
6398	497
6977	5786
7451	5797
6313	7362
4878	9642
8321	8392
2334	374
6359	9218
5377	8732
1305	5080
2725	5387
1156	5767
1552	5253
1783	1377
515	2967
2275	9143
1033	6911
9502	3458
1034	8906
3492	4019
3534	5344
3774	5663
4512	6457
4911	4415
3382	9277
1906	827
1987	9547
7257	9843
2519	7227
2223	5764
9094	3603
1987	1966
255	7103
8778	3117
4349	1956
3988	8794
6360	9643
566	2040
5421	4882
5230	653
5130	8340
3374	4884
6900	8905
3922	1375
2685	6692
4932	3185
4440	5500
4989	9251
6796	8525
1939	4880
9018	2861
4312	2428
458	8979
665	9373
1810	2310
941	3641
7309	9006
5605	9621
8098	2186
5586	3983
1275	9120
9837	4920
5075	1656
7459	168
1847	5127
5168	2520
4351	8585
5547	5742
1485	9263
5992	871
7340	6071
6225	3017
3288	4363
1766	1155
8603	6892
8997	9068
3333	732
2764	6591
2594	7245
9279	660
7788	8865
9767	6941
2759	3885
2424	8996
7949	707
916	6200
1916	5643
5755	8876
8043	9516
420	7776
19	2931
4973	8611
5513	8499
4164	8515
7920	5369
9882	3863
2211	8175
4645	2928
8309	4723
2763	9529
1198	27
8690	8519
6968	3115
1748	5620
9515	1758
8964	2780
937	3704
6837	3482
8807	9131
3748	6751
2400	5390
3198	8998
9848	3230
7696	4420
2079	5213
6968	1054
2878	2215
7521	8549
5612	2984
373	6559
1643	8572
7710	1994
4415	5584
9818	2552
9020	1759
6955	737
984	1524
7590	6420
6710	3311
18	2432
4570	7508
1984	3426
4923	2392
4076	3300
9161	6150
6954	6687
2492	3335
4136	3493
3734	8692
455	9529
2338	5927
3399	6447
1831	4967
3434	1477
4866	3726
6191	5272
4777	6353
2879	9732
8664	183
4274	7937
2623	592
100	6486
3219	3953
9426	8800
8955	1806
2558	9221
7403	6264
8374	3820
1134	5879
6088	7832
8489	8794
8379	2976
5122	3747
8492	8904
9126	2008
2672	7626
9141	7076
4187	5335
6257	172
3643	4061
4452	3976
1852	3421
8718	1723
843	1442
7295	6174
8178	1280
4805	4837
3568	3323
5049	4476
4532	6692
4145	8119
8726	4996
5067	1899
3144	6717
5768	5879
8803	927
4449	1344
4123	2502
6813	9306
3773	5825
6933	3806
1521	8848
3823	5820
1301	6650
3933	9591
443	7664
6674	7395
3530	3794
2045	7707
8781	3932
9097	9496
4785	8256
5528	2112
7767	7735
1409	4652
3073	3785
4953	5374
7348	7745
222	5248
2805	6006
4563	3819
8183	7154
6886	939
6775	4719
5336	8930
7384	8354
4037	3707
2879	1140
8770	8482
9629	1901
2448	7010
9214	4100
4458	244
1100	8280
9381	4950
7496	3221
2854	9370
4366	8628
2961	3481
2287	4271
4468	8933
5405	4208
2647	4718
9192	3135
7920	5433
982	7549
3621	2547
5187	8603
47	109
3228	3382
700	67
546	835
974	5399
4053	2414
2904	1868
467	318
7177	8000
848	5919
9200	583
6751	7687
8894	980
8722	3618
6183	5434
7657	7500
4519	4683
9336	8420
9007	1578
3587	969
2056	6578
6625	993
2530	5374
328	4833
7932	4433
4456	1584
5619	6056
9933	147
3741	4890
683	830
2920	3819
3622	4836
2756	5233
6098	2827
5007	4858
7531	7411
3856	6412
9334	9561
4892	6499
8644	1940
9308	9195
6340	7886
971	9028
2901	4812
4327	3391
6062	9912
5543	621
9181	3391
9212	5108
7781	2043
7444	6485
2683	5714
3766	389
3871	4859
5020	1570
7563	2534
6181	8878
1830	5762
8705	2571
1735	2832
7578	1138
8853	5483
142	965
5088	2764
8399	846
6292	5594
8768	264
6892	9104
6069	6810
4948	3132
8624	8692
7334	4225
2983	3892
9321	4269
3099	6603
3467	2057
4228	7442
6006	578
8963	9395
1090	40
2873	4504
1214	1134
5290	8483
5026	4183
6262	4940
3799	556
7526	7869
627	5373
3815	1286
2359	5757
1215	7697
8698	302
4095	8145
2413	7446
5488	2297
2720	4424
9652	8234
9724	2576
5816	8662
5872	9062
8556	857
2312	3907
8440	2241
2178	4386

5000

1740	4112
1360	6077
2301	5057
5649	6705
232	5752
5594	771
9614	702
3425	6208
6541	9130
5510	8156
6214	7667
5464	4033
532	2813
5524	6256
3384	3401
1532	7634
1356	4184
6116	7983
4947	1135
3391	1984
6878	1538
8945	5848
5461	6134
4497	959
8807	78
6806	681
2326	8717
8349	1473
8150	6544
8750	7947
6243	560
7341	3592
5141	8724
1291	4501
8713	1673
4793	4317
5703	1194
1894	5694
8823	8536
9051	1692
2498	5194
4338	6662
5765	4331
3077	3528
9113	1666
487	2558
6071	2290
2581	5262
9441	1044
7795	9796
5250	77
3472	7273
575	3974
3034	2212
2716	3190
5587	8935
4099	4856
9092	5699
3329	5478
624	6200
3817	6223
8719	5330
5273	9943
9955	4966
4654	5529
1971	50
7931	9674
6741	6754
8779	4858
946	995
7711	7934
6878	56
3498	9726
9253	8278
1871	7839
6615	4306
7238	7324
1640	3386
2248	434
4219	1669
7791	3353
482	9174
7975	8510
4123	8998
3700	8093
2526	6533
4724	8918
6220	8287
5229	6641
5208	7957
3852	9416
8449	1375
593	8369
1492	2519
843	2049
5315	114
1020	3762
3522	5990
691	8015
6253	2453
2485	1358
3340	5372
221	5630
9486	9876
3408	3667
4813	3163
4710	5317
719	48
9731	3239
1696	4968
6125	6012
3448	4302
1538	4814
9560	9946
3372	3506
8299	666
8333	8597
1030	3042
6223	4512
6233	6625
8575	6918
5891	5461
4258	4973
5969	7284
1879	3905
2503	1293
9936	4611
8220	1615
6911	207
4346	1811
8415	6828
4573	4632
6422	9474
4210	9786
8450	3112
2070	2574
6320	2151
7050	9897
7008	5161
8610	3559
6369	5503
8252	3429
5537	8492
7557	2248
9016	844
193	5380
4919	8041
8415	6954
4555	6637
5732	260
5272	2957
8522	9530
6417	4856
1744	8922
4841	5838
6568	2631
4487	7929
2024	4259
9262	9663
4712	9874
6169	8728
4103	1293
5952	3087
5295	609
4648	5338
4704	8845
9674	9695
3129	2666
8009	3205
7836	6604
5441	6266
3472	2572
7507	2551
6246	9628
5358	9704
6536	1207
3207	857
8381	9181
4095	2129
7321	8699
8879	4572
767	2526
3312	2422
1235	7683
4052	8765
1053	697
7027	2899
70	7590
5499	9378
7045	7049
7731	7995
6179	4297
8075	1804
2791	1315
4989	4636
5409	7086
735	5467
4681	8362
6982	2113
7494	3957
9623	9357
4841	1575
4997	5267
988	858
4850	3191
5678	5730
2939	4037
2899	8301
1767	684
162	8507
2956	6445
7418	4584
5446	4721
855	3273
7619	4431
6816	6930
5935	1760
5042	7231
2773	3390
4450	6056
4488	605
4121	290
6874	1869
2561	9042
3223	13
3607	308
7579	2078
8941	7331
178	5475
9109	5672
9783	7885
7609	4172
3917	8446
276	1694
3356	5515
9660	1329
1390	2459
3311	9746
9904	5424
8811	9329
1032	2575
7189	7042
111	1730
5337	5471
8561	2425
6789	3210
5457	7621
5610	6605
8633	7120
5414	6960
194	778
9324	3478
5464	6474
7998	5095
3761	6505
4055	8940
4469	4527
2925	3946
9733	194
5769	7307
9561	9490
4261	7961
8076	6024
1253	2645
8457	9982
2007	9444
4463	9183
7261	4171
2039	6330
5213	3322
5499	4262
3314	615
9920	2908
5722	5239
9911	345
4596	4911
9897	7059
188	309
4973	9460
7221	9749
5559	8269
1858	2823
1700	9131
1626	5906
1337	4778
3323	9091
1931	6935
3422	6554
939	571
1899	1549
605	4570
2444	617
5843	3344
587	3164
7388	9014
3520	1436
2805	2220
8776	2435
5031	9942
8257	8744
2080	9441
5914	722
746	6815
8424	1229
1481	4974
8929	8441
5231	205
3857	4090
8201	2773
745	9678
6180	6771
1681	689
4907	2397
2065	4971
3248	1667
8173	5633
163	576
7306	8558
8995	5061
7717	8851
4106	9164
3044	2954
6406	4685
8597	9013
2192	1584
4596	7299
7004	6032
2820	4925
922	5218
9697	1915
9119	7458
946	9430
8025	9426
840	1756
3734	5466
6616	2024
6236	8081
4727	1235
6436	8444
7930	631
1624	2561
2073	9475
187	7066
6391	2440
7681	1862
4237	4555
2996	7074
5424	95
2934	1555
2768	6419
8740	4390
2828	9777
819	4336
744	8457
3956	5367
6687	3171
7540	7458
9816	9456
9163	21
3560	6981
9541	2735
4694	1548
1401	9598
336	7935
2907	4568
8447	5462
2554	1756
9382	7475
7325	6850
1059	2386
727	3254
9591	2841
6515	1480
1973	9785
3210	7944
8306	107
7198	9426
1302	3850
567	7876
4333	9842
964	1809
9920	5413
4420	3021
802	7284
5330	8370
767	3310
4825	2222
7913	5753
5552	9230
5214	5843
499	8267
4648	2275
8812	3003
1859	3577
3429	9559
4339	9706
3935	5119
9554	5576
1194	3575
6572	2953
784	8615
3475	6876
2713	8207
7204	5172
9816	1264
3683	2497
6207	3890
5713	2614
3170	155
7545	6670
6048	7016
6671	5287
4499	7684
1535	8448
1456	9009
5005	3013
3047	4003
4075	6482
8566	5027
6445	6093
2795	3791
9366	1623
8088	931
6532	5728
3816	6137
4531	9880
3629	6682
307	6947
8607	5947
4062	2056
8515	3150
4120	9795
4749	956
3033	3473
1472	9530
259	4561
9913	5323
2170	7730
6771	2319
2392	5220
564	2181
5702	5429
9904	6908
1771	9562
4757	4632
5707	6382
3758	7507
4414	8830
2600	7229
7144	3204
1392	333
9035	5606
4191	5526
8714	6764
2325	4697
3728	9114
8187	6520
1736	5655
7195	4819
9265	9078
2929	5439
8478	6070
4549	638
9188	5274
6726	873
3222	5933
6908	7907
1928	5454
1636	9817
7678	9330
8444	7602
3045	7303
9392	2517
7358	9803
4439	1220
3650	203
4734	5963
2025	7224
3673	6641
9158	8680
4732	5749
9787	7453
4298	7662
7686	7917
3576	5351
9507	9911
3020	9465
1541	9333
9060	3898
3280	5013
140	6063
6665	5540
2068	23
1499	5592
5643	6206
2139	8359
5673	6514
6537	1200
2408	8300
759	114
5819	7169
356	2425
6296	2855
4011	8091
8405	6846
2591	1524
6962	3520
7970	6808
2056	861
3949	605
2252	6080
4894	6308
8153	1837
4670	5179
5301	884
4458	6263
7799	355
1481	4223
2265	6662
5208	2355
4216	7588
1986	8073
3539	652
1525	6987
4580	7961
6518	1713
687	2279
6091	6941
3092	1095
6966	2485
6031	8857
9904	8895
6175	8649
9214	1052
4233	3524
6857	7578
544	210
925	3559
9043	2458
7046	8172
3979	6410
1962	1346
7902	1768
7820	2005
2887	1237
6107	6798
5094	5244
3037	8438
94	1181
3541	6815
8357	137
6180	2341
2739	7772
6942	4414
7848	3825
7398	524
8003	429
1320	2325
802	4919
7442	7237
4934	6205
333	4965
2546	6910
4414	5954
7137	3039
8742	8749
6029	4894
6433	8638
4175	1052
3503	3237
4495	5787
6290	5660
3190	3093
8624	3313
7835	1423
1641	313
4932	7976
8376	8124
6382	5741
4230	5070
3145	3731
4352	8577
8245	9418
7104	535
1734	5399
7837	3803
630	8148
6606	4272
7601	1988
6265	1598
175	2665
6255	6988
3399	1551
8086	7282
181	4136
6565	4857
9279	7466
4052	312
8115	8018
6403	9007
1819	1994
8119	5185
297	1171
5347	5553
6590	5522
5423	474
582	1363
4536	4424
8287	2857
2598	2887
2944	3801
6392	5886
2949	5230
8751	3399
6209	7986
6814	679
3270	3019
5743	2550
6781	7891
8564	5046
8863	7107
8443	3912
7663	7160
7940	3298
9585	8118
2861	9489
7002	5725
5563	8710
3782	5485
7115	3586
3958	6058
8721	8057
7590	6530
2686	566
1104	2823
432	2005
8739	4728
1207	3721
6198	5745
6991	966
7728	7176
2551	7812
1486	1471
415	1642
7659	6975
9363	4192
7108	2110
6612	1072
4922	1288
3304	492
1546	3119
2804	6902
6663	1331
40	876
2769	1215
3607	5745
9700	3598
9936	9595
3403	9348
7211	4611
618	2897
8020	6995
1896	3144
9822	9935
9431	9778
3228	1240
7500	6822
480	6476
1255	64
3624	9732
9617	3562
5701	2417
3427	5432
9525	6153
6480	6432
1841	8754
9404	246
2716	1200
9440	9219
4379	1578
9137	1541
3820	5422
470	9626
6079	9064
8380	6590
6543	4953
654	4343
9139	9163
743	3229
8357	2117
4384	9002
5620	4550
671	7832
8561	5430
3625	4520
7430	9807
9985	2994
7642	2649
491	7686
2794	2659
8604	1018
8430	9723
1099	8805
8170	1895
5606	7600
8648	485
206	1511
4689	7307
9255	4259
6121	6093
3104	1618
1657	9825
4131	337
4354	5301
1370	6937
3172	7845
2566	8806
5644	2095
2721	7450
9284	1988
1630	7396
1649	3940
4059	8390
423	6244
701	2517
2288	1957
330	1025
449	7451
6589	1479
7253	5764
5649	4554
6878	9474
6149	3606
4373	8268
7126	9915
94	3108
9941	8222
1194	4228
3185	9496
5299	2162
2296	9978
1688	9450
9350	2993
2265	7335
7098	3072
2899	8497
9123	2994
3351	9785
8345	6183
2194	8192
6524	999
69	6088
1279	2427
8422	3391
2742	9119
386	1893
1148	7308
8163	120
9977	7822
1178	6812
9484	9983
8626	1054
3500	2985
1936	1844
233	7792
3953	5722
3368	9780
6729	1656
4378	7994
2348	630
4169	1255
1844	4213
3769	5949
6255	9899
1076	3341
7171	9449
8750	6771
9806	5783
8284	1973
8580	5237
2210	5667
9477	3474
1723	2041
9824	7731
4089	6310
5481	1749
7016	2170
1852	6455
3089	7094
574	4247
1651	5027
9226	9180
4691	1268
2246	5176
4040	8421
9228	5458
9490	5569
1863	7753
4271	6074
4958	7203
3376	1087
7649	4470
2279	4050
9950	8492
3664	6814
9110	6829
8196	3836
5428	3438
1199	3341
1964	8744
4633	4401
9559	567
5532	3755
6136	7047
6568	1911
2298	1722
6249	3223
1733	910
9318	7174
5208	3210
300	3025
6883	3890
4958	8975
5793	7727
5647	8894
5417	4321
1667	5272
2520	2005
17	5198
1204	1799
1690	725
9253	625
3082	1219
9599	2694
9433	8518
5207	1425
7739	3158
7396	2550
9059	3736
6931	5514
7809	8541
6296	6412
9070	8632
1409	1754
1284	5729
2475	6763
3102	7696
6804	5164
6073	1655
5980	7384
8594	4262
9608	1290
6456	5058
8588	5019
3301	6627
9557	8509
590	4264
4077	6154
2638	7047
3537	3284
5207	310
9487	396
2985	2797
3536	7560
7852	7266
7893	6347
8470	7249
9977	6583
8499	1167
5616	3864
6836	5389
6114	7059
8498	4984
7054	8827
4995	8871
8357	8827
4634	4663
8886	4208
1800	5291
1139	1301
2017	6050
1576	3195
5890	9158
9387	4053
5662	1613
4572	9466
6013	2773
2143	4589
1686	3309
8564	7435
7743	752
626	525
5390	1355
4425	5599
8365	1421
4016	7367
3373	2664
4150	4165
226	6285
8342	7513
2661	2794
2191	4240
6651	610
839	1372
1369	9455
4432	863
3222	364
1909	8815
6788	9473
4781	4711
9270	9827
9589	85
6659	5414
7048	2417
6439	8434
2753	294
1755	7053
2823	6966
9083	7580
3774	9074
7709	6805
2029	4093
2724	3532
4035	422
6702	7757
4093	4774
7925	8578
4547	9875
5584	7855
407	4280
58	5977
9553	9457
9941	4082
8510	7387
5619	3599
5835	8814
3946	7611
6432	3228
6813	6458
233	2268
9646	6194
3914	7808
2499	9097
5157	3979
9504	670
9249	1647
1853	8723
1973	7941
4893	3673
8645	6373
3072	6228
8035	4814
4792	230
6468	9169
6266	3845
3561	4467
341	1272
7596	1324
6741	4932
7597	5600
1878	6164
7298	2717
538	6460
5989	5329
1491	5258
409	1963
5842	2254
2948	3124
376	5171
5088	6387
7558	9325
3744	4343
6613	9122
9043	3137
3193	619
1545	6239
1391	3320
1825	6678
545	8634
4534	9297
5866	6090
6400	4786
9179	4725
5912	3582
6866	7599
1839	8655
6184	7011
7324	8182
4065	6406
1377	6421
1575	9979
5998	9717
5255	9521
7023	8416
5526	3614
2119	6449
2219	7515
6483	8205
9424	2703
8065	9404
1643	5373
3153	1683
6808	708
1949	8390
9484	3789
8624	5173
8430	4892
3573	1391
484	6630
1258	821
5394	7053
6750	2671
9334	2381
747	2329
1847	6143
5404	1088
9665	4977
2118	4294
464	9059
3973	2824
6639	4699
9749	2713
2810	5354
2782	1659
6544	8243
5712	924
3425	9663
6810	3267
2780	6237
3527	872
974	7007
2291	547
1480	8081
6858	4408
172	2111
9571	4691
180	6964
7489	8570
1286	6664
9963	182
6404	1626
6409	1483
3206	3668
4699	8630
2426	5938
852	8453
3851	2801
6234	3768
1082	1565
8793	3484
2181	1730
294	9525
3080	9966
8390	4117
3430	2412
5127	7162
9003	42
1943	9568
5164	4528
9339	9556
7837	3688
1350	4942
6653	9258
5141	1593
6609	2623
8210	5991
3735	4991
1510	1430
3282	3201
2706	2524
8191	2502
2651	9159
6136	7372
4752	5869
8208	8415
5772	3669
9123	2606
1675	5031
9477	3187
7816	6363
4501	9745
3810	8391
6394	2427
4434	7802
9128	2126
1384	3773
5360	8233
4414	9559
5604	1032
6392	6676
4755	3432
9755	5648
55	5325
6954	8962
3840	4376
7493	9104
4174	3899
1848	6992
5138	9125
5624	1428
1033	1593
2376	156
3970	6624
3186	4474
3250	6432
5874	1660
7286	8663
9651	9879
3820	8621
4099	3399
6056	9377
1557	6705
1153	1034
1354	5209
7402	3742
5057	7219
1586	1368
6948	1410
4021	6844
5434	8385
7000	8124
1208	4356
7357	3839
938	9805
887	2163
9268	1364
1130	2148
1220	3200
807	8109
9290	5639
4953	2272
1655	9133
3291	8952
9372	8250
8460	5806
7192	8535
7974	7217
1546	7538
5224	3910
3995	378
537	7170
2229	5617
6673	2266
3140	3225
8969	6042
7087	2311
6246	6021
9024	7533
7506	9956
7838	1660
9322	6509
6407	5434
6380	8484
8161	5354
3482	5020
5685	4937
7593	3800
1340	2768
5291	4811
4842	2892
6791	2921
8570	8797
7525	4297
275	3070
615	5370
7252	1275
7315	8586
9633	8519
8820	4081
2131	4104
831	2635
3266	9785
3673	2959
4884	5767
5892	1390
5312	6628
7457	8649
1543	231
9639	1870
5165	221
7299	5835
8353	238
3141	2659
7195	3207
6954	5609
1114	8158
3502	6526
68	5280
4845	4320
2847	4437
3617	9537
8560	7452
7167	1768
2471	347
8172	7401
6608	3855
3835	8980
9362	120
9639	9018
1553	7091
225	6107
2141	982
6592	1903
2193	9123
6121	798
5567	8874
4071	9147
3819	2906
8586	9470
3811	9348
858	3395
4099	4548
582	4410
2180	3081
5344	6491
2382	4816
8251	5448
2774	4029
5445	1835
4709	1080
6542	5907
1244	4581
6104	5417
6973	230
3666	9417
942	3101
5208	618
8840	4766
1243	9334
2481	1326
9494	6832
5769	2436
1123	9821
5239	706
5881	7691
7736	887
8938	5025
1112	2417
1980	7616
2320	8064
3289	1702
73	8299
9523	5220
9040	385
2671	5927
8955	4705
4360	6699
8275	3441
5404	1965
1178	3004
6106	4719
6113	9287
2870	7316
4218	6176
3582	4809
5269	7795
2871	1537
6846	794
8783	8734
8784	3445
1039	9921
8015	6382
9549	92
3729	7545
9325	5575
618	2772
4200	2242
3730	2467
8886	7000
8507	2676
1085	228
6473	7850
4363	346
6960	1700
6330	7975
7781	2408
8515	8297
6818	3161
3570	2272
7320	9246
6107	1167
7878	17
5782	5843
1737	6978
947	9377
9213	7215
4120	4027
9429	228
4607	6130
6778	1675
283	6034
7858	2141
1037	4287
6598	3284
7213	9970
9948	1754
2059	7745
1058	1713
3539	3863
2594	9796
1995	1853
4908	6795
4891	1548
323	3025
4685	2009
4805	9575
9847	5110
495	7224
4878	3993
9844	1266
8929	6981
1535	9359
3848	7162
3792	273
3712	1692
7117	3981
4764	8401
6107	8840
4051	8818
6361	3581
6222	1798
3701	2795
7527	8137
7996	9902
2262	3847
19	428
3345	9504
7339	8905
536	6640
3911	9238
7353	5392
2992	4908
7744	7307
4132	9888
1094	4097
7923	2223
210	561
3206	2678
2687	4410
3470	4078
1413	2072
7124	889
2554	5425
665	8850
2942	4948
2318	5656
5496	976
3556	4442
5968	2505
9329	3434
8590	5090
4198	4909
4380	8037
5961	944
3192	9660
6545	3955
4031	4166
8731	7684
3767	5826
2972	9792
8216	9634
9802	1019
5822	5540
3783	1771
160	5347
6853	5565
7375	1778
4713	4974
1552	2086
7539	4016
7172	7048
5761	2058
6945	3757
2775	4446
7061	878
5125	6763
3061	5110
3415	1892
6989	405
9241	2440
3635	6040
5755	8101
6884	9180
7473	9091
1051	9643
883	7518
3380	2634
5771	4468
1207	2420
3167	877
7424	2157
3404	6831
5434	8572
4610	3546
8967	5604
8653	5547
1926	6896
2433	3949
1367	1754
183	9488
7156	5816
795	392
6097	5623
2241	8050
7849	9112
394	9448
7161	176
5287	2687
7710	4685
4059	3237
8336	1622
9135	1663
1792	1886
1671	4373
5508	9091
5913	2947
9402	3256
5355	9679
2384	854
6268	8335
6639	1939
6594	7907
2826	7276
9891	9542
5685	6098
4388	6011
1262	2417
8391	1265
153	3790
487	8719
6610	989
3364	8955
7481	1288
9561	4691
7398	303
6826	4432
974	3636
6181	9675
2589	624
2821	2988
5754	5630
3294	7537
254	8241
6967	8562
6405	5833
9549	9965
3500	1074
935	1431
2580	9895
4377	8330
5479	1522
1329	1730
1105	2722
2183	4063
3495	6870
8844	8498
2220	8250
7295	3315
2491	1673
3645	8391
4029	2387
5661	6313
3485	2510
9712	4823
1918	6495
1560	2227
9299	5569
8858	7128
8263	5602
6817	2500
9220	5131
222	9973
9482	2000
6399	8543
8866	5826
4628	8126
1344	6997
6904	7604
6335	5362
8057	9233
2360	1991
2336	3770
9903	2119
8771	9104
9469	3056
5276	6440
3763	1309
4963	2304
4273	499
6146	1982
9969	8151
9739	8341
7499	4257
4208	8832
5559	8379
9641	7215
4654	6351
8748	2505
9027	6029
9274	9873
2894	4389
7583	7492
5268	7858
2249	3949
7477	1791
3282	4616
8646	1243
2029	5805
6381	8755
4725	9956
1355	7359
5761	2207
9781	106
1947	3551
9254	1933
2569	7870
6208	5138
9058	9567
6398	7212
5741	7851
9477	5523
2492	1123
2769	9626
3306	4874
2638	4195
1283	5169
8438	9501
6193	3912
9612	9602
3824	9725
4236	6289
2964	9415
9610	9099
6757	5433
7125	6514
6252	1363
732	9131
5527	8822
1532	965
3213	546
238	8353
8695	6145
8699	1750
5730	523
6813	4051
8678	7998
3655	6287
8840	9940
5241	4361
2282	1438
5641	7513
1527	3979
659	4667
244	3574
4352	8106
206	7532
9537	3268
5024	5996
4292	7924
3704	1985
5710	3897
3538	9770
6428	5171
6097	9246
3272	9574
3976	514
9231	2417
8003	1626
9223	5280
8558	4157
4492	1859
6758	8289
5007	5220
3276	6539
488	3241
7263	9845
6368	4573
9800	7023
2637	8766
9742	2813
3899	267
4854	2988
1911	4138
1254	3443
9730	2722
5152	2130
5391	5446
8603	8162
9256	9271
1850	8477
8136	7716
8642	6913
394	2443
432	7174
3811	3268
2238	9546
748	1944
4309	7747
3652	2121
4488	5038
7724	5123
7257	5638
1629	174
4244	8779
7829	8382
2640	1487
9461	9119
6739	6843
9892	1986
3707	9057
5623	1209
6460	2466
7150	7076
5946	9133
8770	9825
1006	6517
7469	9122
5221	2286
4547	3963
5330	2719
3429	4280
8821	5103
8342	5443
1495	2240
4368	4480
7174	9825
173	5101
3362	5467
6844	7131
3348	2641
3512	3274
5077	4118
4294	5440
9044	9966
1874	2476
9063	3863
3256	2203
981	6764
7468	4619
1373	98
1309	1303
2085	2123
5087	8117
7029	837
1239	36
1029	4649
3669	8
3606	5473
9786	87
3540	5194
5605	6748
5397	5777
7800	4352
2600	4845
9321	7075
9730	8557
9858	9578
7551	6525
9097	4685
6311	1633
3642	4461
2148	9745
8841	1863
5057	1163
1061	7055
3790	4959
2502	5074
5989	8676
18	7792
4251	7196
5514	868
6066	7173
9332	7497
468	3418
691	2430
3315	5373
6044	2526
324	4413
8087	5755
929	1587
9476	3981
8946	2988
6260	1384
8970	6036
1863	6391
6775	414
2550	8066
7930	6718
6327	7623
4667	116
1897	3384
298	9407
7168	6556
5985	8261
8545	4691
550	6181
5535	4757
7170	900
2675	9860
4167	3938
8409	738
5916	7034
7394	5006
8252	4992
6101	5662
382	3684
2715	4856
9380	1772
19	332
9958	9532
2523	4310
8101	3550
6537	449
3733	2588
5503	574
4758	6607
5447	8353
4720	2431
1269	8024
9995	2435
1500	1047
8894	1049
8541	7992
4579	1471
6607	821
6008	6192
1397	9800
3933	6867
119	7541
3433	15
1330	4429
8829	8025
949	4816
3455	2111
3215	8361
5679	9173
3086	2341
7036	5244
6542	1565
8848	4902
4318	3375
2054	8335
1627	1269
7820	5587
2259	2256
1386	7094
5024	3398
2913	6704
2827	678
4921	1611
9336	2576
2689	6004
2643	9574
904	1300
3701	1098
2113	9934
936	6657
2919	826
5673	8867
4522	4449
3992	6516
3157	8116
8175	2953
7067	8143
3522	5057
1285	1325
5102	537
4745	7068
2012	5035
738	2080
8497	9926
3314	93
8394	9279
6442	6608
5272	2074
6217	1199
6419	1741
526	3343
1431	8212
474	2053
8223	346
9474	8653
9262	5338
6145	3974
4588	2065
6281	6912
6932	1121
3813	9062
159	6249
7947	4951
5618	7220
3930	2655
6987	6102
4518	4470
6471	9553
4292	2563
4925	3263
5785	3052
5020	7286
3383	2477
6987	5697
1445	8308
6675	6498
5476	504
7007	1528
986	9870
9991	1580
1607	5354
4265	6017
8444	2268
6224	1469
262	2279
5854	5815
1825	5797
963	6379
7137	2777
795	793
129	9280
6472	4506
4825	1532
6723	303
5393	648
5912	7270
5034	2936
7565	4619
492	3289
3163	4491
8826	7540
8632	4965
4861	5919
3343	5894
5107	129
3843	4553
3717	2532
9343	1858
6016	6751
2632	7183
4611	2254
2955	724
5847	6460
3311	8792
397	3569
9422	7973
7787	1730
2871	3628
2483	8511
5560	7132
5887	8660
9587	8867
1026	9799
758	4235
3133	4554
2556	3990
3096	6642
7647	5046
6875	4321
7720	3500
2656	9954
7038	2116
4513	2227
748	2800
6977	9668
1890	8602
2899	7511
5076	287
4950	9654
1027	7115
8403	6954
9347	5786
8313	409
2641	5073
9870	7458
2651	4725
2252	4204
8407	3389
623	7295
3693	1473
241	2698
7944	9359
8650	908
7417	5833
8857	1879
1270	6270
995	475
3408	8057
5541	2605
641	8501
2344	1819
6936	1876
3987	263
7153	8767
347	1198
8303	5509
4326	7967
784	4614
4531	3818
4264	2719
9965	5235
2151	2512
4692	3694
2506	1918
9333	7356
5002	9111
2143	7715
3127	6584
4845	5993
1745	2426
2450	4014
1792	9876
9683	4809
9726	9054
9761	2362
9688	9133
909	7785
6573	8547
9293	7781
3058	9460
4187	2147
2680	2432
1578	1290
4295	8166
7539	909
9652	8759
1230	5002
9296	6368
4951	868
1551	2379
1068	8139
2208	3902
9346	5769
3104	8132
1569	7035
1804	8466
3404	5956
8880	2442
4022	8601
1987	1826
1259	7840
7827	1137
7553	7529
4725	3424
1864	5755
3673	54
5338	595
5826	9536
6735	2415
573	5941
1380	9179
3758	2911
8425	9210
5860	1928
5748	553
5216	9266
4155	1689
3307	2936
6301	643
3139	1125
3330	8382
4510	1199
9164	7539
595	513
7604	2276
6629	2401
3374	3212
3853	7019
8157	3494
6810	4875
8508	7427
6892	9201
9198	6090
2937	505
2677	5784
993	3390
5655	8098
2615	185
6181	342
8103	4753
2986	8640
2049	6265
7022	9299
7923	1521
6197	4392
9924	2372
761	3387
6766	1523
9332	9954
482	534
9013	2995
9510	5287
2421	3226
9535	8681
6260	7280
2226	7696
2028	1297
8817	5595
669	689
6845	2999
6087	3597
7245	4822
7881	5691
9463	2385
6529	6090
8737	803
3999	5631
2982	9983
4938	6295
5113	537
5352	1635
1038	1453
2359	5495
7893	6249
4503	4180
4692	2924
7113	6051
4680	7691
8174	74
8859	8309
3600	9411
6240	989
9885	6282
1870	6335
1477	7937
9953	1596
6150	8646
2455	5078
1972	3895
7938	5750
6695	4302
3065	5942
2984	2496
837	2565
8200	304
1093	854
4702	2560
6962	3264
2880	843
4555	568
6606	9543
5568	5142
902	9310
496	6695
4578	4663
8080	5147
5071	222
3903	1565
9253	7362
1959	1162
2423	829
6946	210
3350	9476
3772	73
1175	703
3044	6958
5856	7913
2150	2608
3715	9732
7499	1473
3208	8340
931	559
2600	5458
1618	9782
4071	6358
3496	438
8429	7346
5392	5779
4395	2434
5406	6244
8669	2067
7071	5497
5633	9749
2794	6738
5839	2517
1296	5688
5961	8788
9700	9799
8636	1886
2531	5062
4063	6785
6096	6341
8327	1835
9979	5087
101	5226
3208	6255
2970	7184
3225	1264
5968	5147
5279	7621
1728	1135
9553	435
7123	9550
5666	5211
431	9425
4993	5810
7146	3960
7796	6246
3166	6255
9426	4292
5054	4947
7790	5402
9764	6861
8662	3574
3737	5747
2897	4652
5782	3129
6575	3830
8657	4321
9383	3545
9274	9440
1630	8676
8753	7980
5289	9389
8690	6921
2329	2477
4190	5332
1595	5391
7623	7520
5826	6730
541	8210
4198	881
4300	3905
1796	134
5812	4990
9051	9050
231	3669
3224	2633
5601	5000
876	3475
2068	7033
6529	2967
3762	9419
1566	5077
9612	6205
355	9983
5767	3106
6688	8035
2502	4771
8433	8571
1802	9298
3472	5947
3028	334
3381	1983
2269	5876
9028	4171
2001	4671
9321	2995
8658	5285
3770	2796
1812	6450
9748	624
5767	5301
6830	4248
2239	2213
4846	1420
1736	4092
3333	8596
2874	6115
6178	693
4198	550
1628	2590
5285	5231
2492	7395
4115	2674
5328	704
1462	3500
7211	5583
5638	9458
365	7219
2927	54
1515	4021
3353	3664
6857	722
1994	1554
9659	316
1708	2046
5059	1378
4802	1760
1231	1149
3193	1716
6713	5702
4307	6868
4527	7562
7270	2215
151	4333
2533	7069
816	5147
3824	4963
5459	1595
8965	3926
2381	7669
4507	5854
273	2869
3951	573
6797	9921
7047	4738
5737	7156
8581	8492
9899	6857
5346	2831
6255	6060
3565	2564
8220	7846
9334	3760
4239	717
2250	1971
5146	6616
8142	5764
5681	3348
4747	2988
9782	437
4627	3135
4428	8226
5113	705
9137	6177
3597	3807
7435	1944
8928	1570
8053	5858
2645	2989
7333	3630
491	7600
5661	2983
2967	5278
6304	6730
1133	4873
1688	7600
1807	63
9817	7763
7438	407
9325	6691
1235	9833
339	5577
9722	2163
8927	7344
9583	5299
6511	7704
5715	4461
8958	4005
514	7508
8305	4049
4415	568
3572	4505
9710	4827
6074	3503
499	5784
8063	6510
3222	6604
6219	2627
1387	7703
7787	992
2009	7279
158	5869
4210	5424
5740	9166
5228	660
4564	7794
8800	2914
7849	3960
7266	6237
1115	1645
2051	5964
5626	2601
913	4880
9781	5478
1094	7758
2896	764
1583	1858
5120	4739
9918	7470
5851	7250
4514	3804
8155	9960
2263	256
8284	3407
8067	5927
8048	4819
1459	516
149	7946
3505	9176
8140	4375
4996	366
9819	1575
5625	7561
1068	4072
2602	8344
79	4540
4057	4801
5638	3915
3639	7282
1804	8290
9559	9796
3270	5377
6314	5781
1391	2073
5773	1121
7771	3067
7082	6881
2870	6142
6260	2935
9240	9583
5874	809
6418	7987
5476	4453
6584	8005
4677	119
3801	2549
2209	5322
1029	2715
2593	3501
4716	453
6623	3339
133	5934
2549	7558
5561	4851
6548	3637
8224	6152
8869	4097
1312	5382
1048	7833
6581	7355
1986	9803
5961	8144
6273	8814
3567	4314
8593	5333
2445	848
3158	45
6625	6060
2614	4330
9037	309
119	5895
1985	4825
7079	8638
7756	2756
7823	5858
2795	6570
2936	7271
5075	9875
1524	5988
5943	2529
4583	7249
8070	5224
9371	2423
2088	8079
5618	2561
908	1234
2498	5140
7795	8287
2999	469
1748	9576
6094	8894
3668	7029
8990	5372
2881	1858
2430	4183
6206	7310
1925	5985
9056	1069
6833	2632
7531	918
3674	779
5779	2651
8322	8016
9198	1008
8274	2951
352	2348
2094	6312
2221	1716
8306	1649
4085	1946
6380	8706
7719	8481
8523	3481
5801	4695
2990	7802
4388	2203
8386	1418
564	542
6762	8415
8751	1346
5217	6023
4565	6759
7409	484
6516	6680
3038	1158
1321	4375
8414	9688
5095	1677
1422	4494
9993	88
2028	4318
1780	132
1045	8177
3959	5932
9361	2116
2960	4031
3416	49
8818	7362
2080	2461
9949	7528
6023	8206
2766	3787
9273	2281
3952	1590
7430	1533
2853	9243
3159	2022
3234	3572
7241	5345
8998	7287
7732	5023
8337	8469
8277	7550
4837	1614
8867	9098
5837	4437
5439	5752
898	3686
422	1281
1840	4489
8355	3401
354	5122
4801	8031
3326	3915
3947	5334
9421	4636
752	5435
5114	6353
5150	3128
3254	7501
8260	2711
9383	4745
4562	3923
6850	6208
3088	4405
815	6972
4347	3602
9088	887
2347	3355
5804	9106
7477	8734
4620	3119
4573	4219
3316	3609
3078	670
6184	9537
9995	4083
8716	3616
1119	7024
8608	1512
450	4579
4087	452
73	9089
2034	4028
1485	4317
7228	7742
8418	3074
3590	4504
301	5371
1384	8563
990	7980
3812	9047
7934	7281
9023	4887
7868	1796
526	7747
5045	186
62	9641
8206	549
4717	9676
275	2540
7494	7900
4514	5775
9829	2387
3151	7603
843	6517
5342	7515
9992	4309
8363	6379
7636	4767
2619	6375
2212	7857
7881	9247
9136	9365
8470	2996
2983	4825
6072	55
5853	7372
7571	8555
9002	5983
4422	4831
2210	5519
3196	8504
515	9948
4017	5754
7925	3438
9886	7308
1118	6426
3324	7253
1351	4593
1672	8210
6207	1581
7727	6163
1884	9120
5172	8553
4975	2113
257	4391
1299	3593
5446	9960
341	5724
2134	1963
9090	8668
3697	4209
3380	8564
5291	8127
1011	6628
3973	3429
4572	7477
6834	7957
693	5597
4105	2534
1269	1208
8684	8274
1685	3959
5582	4389
633	1852
3968	4486
1170	2239
3887	3935
9295	6003
6653	7596
401	471
2953	1429
8196	9620
2482	9810
2293	7830
5980	5791
3321	2589
7465	9251
3824	2698
3332	229
8270	2244
260	2996
5381	7864
8697	6181
7612	243
5153	2783
700	3836
4484	1710
4761	5301
4099	3610
3376	6303
9723	6847
3332	1924
1389	9304
5483	8337
4650	3927
8662	9550
3596	4253
5184	1473
2383	14
2475	2071
2369	8567
9773	529
252	8890
9408	164
2204	5513
2515	8457
259	5688
1496	7522
9225	5674
8667	5608
4950	5310
7091	6008
1432	8910
4361	6554
953	37
7894	22
563	3358
1437	1500
6599	4700
1996	4434
5907	4929
3922	7039
1779	8899
2079	1645
1214	2654
7973	3840
854	8834
1897	7965
7613	4515
8091	4485
8503	6164
9276	6123
3101	9437
5415	6869
1833	7957
4141	9004
3444	9768
2361	6994
5431	5508
5098	8059
3808	284
2700	4418
7804	7201
872	4233
8407	9755
5693	1891
6852	3745
5761	6926
6162	7891
1581	9844
8679	5509
9722	155
4720	3204
7388	2916
4891	5698
5698	4498
3392	2532
8784	2089
7901	873
47	7124
8229	2773
589	7059
6076	6952
3330	5264
3289	428
1922	8433
8074	9200
3416	1965
1820	5303
8588	57
1774	325
3481	851
9601	4713
2292	8554
6550	7343
5268	1950
1349	5554
1015	1009
6490	1323
3514	9014
5946	7139
6440	5520
5818	66
6748	3802
3298	9596
6779	8140
3739	1000
4459	3267
2932	7920
6033	9526
5195	1331
507	2213
1315	7690
2936	9163
6772	3420
5929	7660
3226	7925
2709	3952
6759	4471
9693	4819
7228	7245
4474	2201
8626	3536
3516	3697
7978	6392
9092	1724
3307	8802
8444	3794
5493	2993
2167	2263
22	9343
5265	7150
9837	1177
2835	3955
5463	5632
1595	9034
3617	203
7040	5624
6548	1581
7595	1973
8745	9960
8251	4917
8836	9745
5768	8151
8553	7147
8505	8926
4695	7700
7453	9964
9873	8752
1324	2173
3852	4057
1178	6242
4020	9133
5298	1687
973	4367
1036	5309
2090	351
7546	2065
1930	7263
8371	4390
3210	2276
6956	7178
2375	6539
4271	3068
4831	4202
3190	6875
5642	3248
8897	4520
7123	8183
3724	164
4912	3210
2841	7362
9292	7001
6776	2560
8151	6966
1191	5516
5258	9740
1227	2768
2646	4747
3412	6539
7666	3405
9622	9073
5707	1327
7837	4867
9393	2746
6123	2236
3289	7663
3446	4331
8401	2155
9575	8154
38	7575
4435	3998
900	9209
2392	3157
6385	2588
5673	4842
4619	9769
8721	7916
6391	2615
9945	7604
7309	3238
6242	6799
7328	3278
4970	9029
1723	4142
5736	3888
7697	4006
4595	9123
5901	5337
2994	6882
741	9462
2178	4317
6883	7998
6211	4028
1019	7022
7382	7457
9672	2530
3141	2230
5325	3489
7091	5370
5052	2648
5238	9721
8463	5358
2520	5404
3985	5015
9648	5488
4697	7216
1423	5358
4308	9661
8158	8410
9547	1385
7464	993
5036	636
817	7850
767	6934
5078	6768
8640	6458
226	7245
9007	5029
8196	6130
912	3284
9785	2761
8604	2420
752	176
2818	9255
2171	8498
4055	882
2142	1365
268	4235
7984	7146
707	1762
3431	6686
2523	2850
3271	5614
5881	4731
9014	5398
1277	2719
5511	9280
3789	7675
7680	1076
8204	9530
4383	4695
5736	8952
9428	295
5760	909
8286	7187
181	2931
7453	8775
5001	7342
450	5077
1679	715
6650	147
6811	1930
2835	9361
5056	7226
8461	8469
5383	7234
3260	7256
8541	8011
2863	5153
1963	998
1142	3149
1777	3154
453	7252
4052	6387
3998	2549
7483	2834
3554	1653
8454	4329
5655	4155
8517	6379
6141	3650
6135	7336
7741	689
2663	2053
9270	7474
7588	6973
1705	5243
3097	4661
376	3787
6820	2117
1503	6358
9554	9579
5680	9559
9685	3023
7882	1477
3939	7707
4518	2028
7673	7443
3913	8557
5181	634
4676	2703
8593	979
8177	3012
7376	5595
6580	1065
5641	1231
8791	7142
5872	7711
1205	463
1441	2010
3130	7008
8181	9284
6187	227
508	2207
8040	5354
2620	1619
7650	893
7913	7675
100	5750
8187	2584
3846	2187
5929	290
8703	741
3755	7179
2071	7505
4541	5007
7665	8519
6339	8753
1795	8726
7667	6311
4184	5967
9112	7155
6306	9907
6033	7373
6742	3885
516	7206
5339	9807
5355	9651
2463	7198
7145	8
9107	123
1588	4852
4880	5349
8090	5648
5505	9412
4987	694
1803	7893
1767	6045
9672	8233
1373	9351
7703	7403
3551	9284
3096	9891
9396	8489
1556	4684
4125	2467
4067	6349
6114	9091
5832	1416
7240	3605
3131	2975
5988	1350
4702	8981
9922	8098
5256	8347
8468	7089
7656	8615
2761	1010
3021	3925
1003	132
4435	1700
5304	6817
9756	2825
6284	2903
66	9501
9582	4508
7079	5848
664	1287
3506	9568
7404	5517
9579	4866
3636	1346
4373	5519
1141	2089
1249	2694
4742	3975
8838	1899
5131	7484
3833	2109
2607	4530
1321	2346
2013	7741
8178	2656
6360	3459
920	5518
2774	2802
3513	7748
9417	9892
8882	6525
1781	5511
3916	4363
3090	4021
6444	5961
2240	8927
6713	8731
9220	4048
9230	9740
675	9150
4166	8334
5216	5091
7588	4646
9156	1563
3489	9324
5314	2055
1374	5021
6489	5365
7461	3724
6969	763
2207	2250
9902	8228
587	3317
965	1824
3053	4133
7631	4612
1469	2237
8445	6635
5089	2078
7585	8006
9906	7747
1550	4011
2747	5973
3894	5360
5831	8064
5265	7604
7608	4061
1652	1122
2443	5709
4880	9435
5884	7037
2704	2108
5126	1110
3996	992
7428	3585
9989	6075
3044	7664
5482	7637
6972	8629
1171	319
2731	6160
8352	1045
9583	9338
5333	344
5199	8844
7416	9572
4613	8708
2300	7276
8018	4704
7048	6810
3488	3826
5052	3316
1603	438
5166	4164
9140	9701
3711	8622
2257	9831
1123	1477
4334	9619
871	3718
994	4445
5850	9157
343	3814
7522	3605
1121	5022
7673	4401
1546	1055
6452	8419
2211	1248
4530	609
9925	8117
4339	9271
6721	4844
9652	1845
7410	3564
5415	8916
7131	6321
3936	6962
824	3735
8670	5322
6590	4162
3285	6653
5398	9131
4054	6378
8167	5001
9413	5429
7409	1118
6383	2709
9670	8516
2057	3730
9668	1691
4011	8844
9273	6719
8356	3515
1333	976
1822	3058
9396	6158
502	9323
3686	9665
6521	7568
4318	7380
1864	8912
3707	5642
2151	5583
8688	5088
6929	3425
7923	2931
4002	8264
4508	3603
9965	9740
1745	9346
5056	900
7792	1393
1889	3381
6939	516
8733	3843
8141	9575
2342	3843
8093	9120
5398	4109
2385	7877
1378	7453
961	3205
182	7913
5284	3272
609	2997
7373	2716
1343	100
5424	4459
3007	2133
8913	6604
6374	1218
9931	8819
8485	7563
2275	6209
31	8222
5099	2729
5663	6079
3393	8530
9488	2416
7895	2165
5248	9133
8940	8587
5063	5405
5353	4805
7598	6704
5813	7980
2695	7046
6834	8295
6839	4107
9363	5123
1765	2831
4737	2029
4612	5640
7381	9649
7037	8894
3691	8138
8726	4912
3037	3253
3176	5555
7433	7095
1511	2550
2736	6830
2647	778
2197	1951
6530	1576
9433	3605
3505	7836
6516	2856
522	6360
2282	3561
9443	7131
6840	9051
130	3801
9916	2426
5452	2110
1617	29
9811	4143
3427	2985
7171	6073
150	1543
2852	6855
3695	8762
3860	1826
2187	204
6871	1494
2520	7286
2749	7905
2581	2291
1094	5053
6016	5490
7279	7853
7955	8496
1367	7888
5459	3446
7699	488
78	1617
1505	3891
7683	4644
4841	7913
5004	3905
8898	5900
2461	6440
129	1494
3934	3241
4162	3767
5781	8105
5748	4165
154	9510
6029	6401
3433	3156
8132	5611
5406	3020
1388	2331
7349	6714
5030	3731
7036	4052
8256	6702
2723	3349
1508	4191
3580	3654
9306	1042
4493	6537
1471	9298
6599	6176
741	8290
2422	7885
7033	3378
9112	7211
8906	2259
2968	3594
5306	6190
5168	7340
1775	484
9842	6271
7479	2141
7744	7393
4205	4569
3894	6358
1584	3466
6701	945
6578	7929
890	4615
9648	8388
2746	3558
7985	7973
10	1215
6446	1797
853	3981
2975	4721
1915	354
1256	4154
4902	2715
9035	3471
8286	6884
2880	3572
6845	3794
6569	3960
4285	161
7305	4914
1001	9163
3445	4658
6014	1999
7841	1902
2709	2083
3074	9197
1907	5726
4740	4156
7060	5225
2001	7233
5543	6543
5141	6027
4755	6052
5023	5875
6311	1730
6414	5840
4323	6371
8094	1464
1890	2160
5994	3705
4449	8985
9976	5409
7353	7769
3910	8629
4497	6343
8130	9448
517	7358
7382	574
1700	6494
1370	9068
9550	9943
1602	3802
5826	226
3390	9117
5024	3706
1169	4074
3034	8595
8771	5181
2980	1002
4051	5138
1875	1538
7453	9217
9690	9692
3295	6305
7142	8319
1273	9503
7708	130
356	9321
6785	1860
177	3290
7068	2982
4888	7473
7197	5571
9250	225
143	6948
6219	9881
3698	1718
392	2147
6217	7164
1710	6410
7151	4163
806	5148
4886	3805
3336	156
7072	9976
7419	9399
6600	3773
8333	1099
8112	4381
9368	4877
2747	714
3902	8134
1996	2635
6814	8025
1282	2792
1320	7380
3360	7742
6530	5361
7468	6074
7384	3434
1331	6150
8442	3473
9757	3700
3593	8659
654	6299
2725	5324
1549	69
8031	9010
2824	7863
2697	7004
9999	9054
5177	9376
1226	628
7688	1932
6405	8406
2731	4002
5659	2570
6888	9850
2423	3722
9193	6566
7915	7909
4038	5387
8701	4181
1027	3414
6598	8272
5988	9720
5623	8947
3774	4046
4188	1758
7410	2637
1195	9068
9476	9394
5063	8312
2001	3607
7037	3515
7604	7119
6527	9342
5330	749
687	1496
5882	6693
2941	2853
3718	5441
9263	7319
7003	9402
2560	5851
7698	5221
5397	9503
5806	2108
7078	6032
3477	6640
7001	9725
1279	3669
2136	4523
7666	3044
5246	9385
192	3685
3054	9127
8602	8548
9509	7862
8314	3945
4035	7650
8235	2699
2728	6574
2109	497
1725	3062
795	1333
5559	1487
7224	1542
6759	825
2052	8756
6061	8689
8885	3392
872	7015
4473	7558
3341	9620
5430	406
83	5448
9076	3145
1251	7865
5896	5373
2077	1728
82	8109
3750	9618
6152	9790
7357	7948
1636	980
49	939
7239	521
8195	3021
6816	2562
3341	7016
4030	9626
8470	9973
892	2530
4474	4509
7178	779
4643	9576
5318	7190
9722	4273
2482	5520
4663	5005
93	5045
4348	5687
4763	1225
3106	1860
6630	1056
6810	9560
6451	2688
9616	7503
6214	3574
1089	9927
9922	5342
5527	8141
9982	5069
3415	7417
9828	6138
7781	1683
5422	5583
8332	8575
862	8647
6479	9600
1446	8339
7831	9794
8331	4898
9414	5094
6095	8281
8547	4288
4260	2535
2685	5594
3844	3312
6562	4918
6786	1817
7194	7961
2307	2304
2955	9887
6797	7071
5757	1345
8275	3909
7932	5912
6458	3122
7695	2905
9639	9270
243	5003
9603	3841
8141	4732
9207	3096
2105	4830
2787	5868
1317	1244
6576	8313
8694	7516
8665	6343
406	7071
7998	709
4958	1914
5514	3164
5432	2354
3668	5751
2974	4722
7164	2947
5144	3602
4403	6931
6250	6092
9273	6162
4125	7027
672	5231
4546	8597
7058	8140
7789	415
6462	3746
1111	2074
231	3189
9114	9163
5019	6726
7508	1541
1972	4084
4999	8082
96	6502
187	5111
5510	733
6934	3307
3738	3624
9018	9399
8657	6372
9406	7087
2798	6893
5807	811
7534	5948
3553	3183
926	415
7636	4631
5586	1049
2670	3600
7733	4657
1454	34
4790	6427
496	1900
4631	9973
4576	879
3189	8404
2264	5448
2973	4766
5025	9236
7949	4759
126	9575
2900	5923
2287	7580
7956	6571
1451	2569
5975	4313
2844	75
2427	7425
1636	4106
3884	7288
1541	6452
5938	7206
7460	215
2705	3509
1895	2095
4310	4443
47	4252
1614	6275
8404	2906
9762	7405
1448	1847
8281	4996
9172	9826
4384	4590
8459	969
5424	7727
6708	9766
6913	3472
9393	1943
2020	9276
8294	9774
6401	2736
6019	8595
3247	3723
9239	2516
6932	8863
6426	9485
5977	5233
8153	6788
4363	9998
5362	52
2052	8340
1746	2767
9842	2155
1923	2173
1392	8224
4909	7727
7478	2156
6502	5995
2770	2716
2587	4483
855	3709
8762	2706
5722	4427
1627	3492
7582	7352
5497	1970
3627	97
8469	2961
934	4370
9084	9219
7864	6612
2858	6382
9948	548
2908	7724
9610	9032
9252	7630
6862	6990
395	8387
4159	4618
4703	2513
4451	2139
640	9902
1643	1052
3009	9560
8268	9571
5048	6608
1092	8316
895	5576
5286	594
8897	878
1218	1706
1522	7329
5026	7258
895	7606
3798	7629
7691	2119
7132	8307
6417	6418
7012	2373
2198	9509
7829	3567
9990	4552
341	5819
9412	3768
3275	4877
5410	2249
507	9323
9194	5563
3756	2623
2341	8597
7386	9872
3158	8735
5523	4978
8710	1169
3366	731
2103	6514
8007	7581
6604	6294
9504	1741
7132	5266
1189	2758
3122	1817
600	1500
4417	8409
5901	1476
1393	15
9965	4445
5284	8882
8824	4598
9296	1901
4910	8665
4206	5663
4562	6932
8935	1683
3233	8026
5139	881
5265	7002
6345	5761
7939	7906
8900	169
1674	4220
3796	3683
5573	5998
179	6162
9354	5315
8846	796
5923	4644
2743	4072
3659	182
2257	8671
8595	5412
7318	9804
4004	9318
4225	3199
6738	4454
5477	8060
4285	7355
4568	7133
137	8466
9002	9226
4773	1496
51	9224
168	9816
3189	5804
934	2661
1588	4032
8200	6448
559	1022
640	1667
2540	3942
7286	4266
3944	8392
8403	4063
1319	4003
9475	3522
8282	8990
4416	3701
5673	9237
9522	5684
7260	359
5438	201
589	6476
2048	2514
1847	6990
7554	8023
5653	4605
4881	5751
204	8396
6563	14
473	4105
6717	1498
6355	9510
4036	253
6687	60
6080	1829
5613	5292
2948	894
9079	2880
2003	6833
6875	5251
7014	8827
5536	7471
2925	1114
9790	1398
2427	9253
4558	9680
6143	9368
2791	9437
6119	1034
5703	2804
7287	348
8200	9658
1736	3418
505	3573
9065	9250
7998	1265
5948	317
5284	144
23	4703
9073	3204
6305	7850
6998	1245
320	3488
2524	4346
5038	3861
8980	2843
6626	7160
5528	6958
2628	5770
9728	8379
7846	507
5537	5462
2788	7588
9641	3866
2990	4033
8508	546
4275	8314
6293	1526
4384	1032
8970	2631
8743	182
7498	8966
3302	1384
7802	8659
1246	7046
1330	545
4402	2084
2639	4102
1618	3326
3067	5318
9811	255
476	4618
7962	4142
677	3314
1709	8519
8693	420
4846	2748
7844	6624
5438	9865
2602	7909
6619	6288
966	4422
4477	9603
7852	4170
4241	3491
1263	9740
8564	5825
2660	9917
3175	7323
7422	7122
1008	5667
2133	6041
2570	5454
5878	2441
5611	6472
6069	9448
96	1211
92	3243
626	7708
4191	2573
972	2546
2970	5585
5937	2460
7977	2061
8895	2518
6499	4325
5770	1844
1713	3973
1110	8848
4926	5353
5032	5896
167	1476
5661	2228
8584	4275
652	3566
8350	4808
4107	3672
5625	6755
5121	4066
6934	9917
5537	3250
8364	4963
1460	571
3252	3046
3953	4554
694	5137
871	5666
7020	3474
985	3467
9455	4937
3010	3219
6085	9632
5779	6185
7635	9244
6605	7529
863	6260
7573	2284
2686	5217
9335	4482
8969	2331
6928	4932
3230	7228
8095	4638
2856	2031
9426	6399
3378	3134
8031	1393
8594	418
6853	1847
4200	857
9920	6678
2068	5777
62	2651
5506	1942
8794	5690
6665	5322
8212	4974
3946	5651
1351	3523
8058	2716
6505	6134
1729	1165
2431	6306
2294	8164
2956	5446
2642	8497
5462	2772
541	730
679	3014
4067	5753
4617	5889
9559	3133
3592	3292
1371	8997
8555	6093
7462	8542
4171	7833
9695	1899
1428	9206
244	3044
3907	6561
3384	5067
5096	2379
9749	1089
3917	5123
7802	3565
7532	1961
9455	7384
5346	3753
8416	2969
3594	723
2380	5824
8558	2319
9729	3255
5043	9474
1556	7433
8427	5717
4794	4402
2119	1168
3555	4447
8559	899
9392	1362
1317	2076
4481	3690
7575	3798
221	3107
7447	7953
9007	8364
7136	6984
9086	7521
9196	5521
7827	438
2420	6889
4478	6914
7309	7488
7533	6505
5480	316
2578	2821
2545	1809
276	6675
5343	1606
7891	2171
9509	3290
6486	9639
7473	8628
2978	374
8979	9102
1293	7781
5544	4046
2469	8875
1780	5619
3153	9295
6478	5709
6831	6890
3587	7965
5039	6861
6305	5406
3671	850
4331	2153
469	8606
1309	2674
3271	9680
2383	3284
8779	5291
7950	5215
9588	3274
8506	6935
9970	6872
3240	8353
3771	3892
7100	4332
1173	4205
2019	4347
711	7281
4536	5957
1674	9176
4477	1167
608	5833
7916	6776
123	7278
2829	1542
3449	978
7462	3195
3424	4501
6064	9579
189	344
8737	4837
2766	3715
2650	3883
3548	482
9428	6366
4021	1621
3375	7716
2485	9618
8657	6455
2196	4821
3977	4016
7996	1888
7474	6235
9206	7270
4388	9223
6111	6178
9151	6539
1333	888
6567	165
7052	8620
5842	2333
8847	8859
5923	3282
4405	7208
8130	6866
9352	5381
7822	8410
8005	3002
9136	4007
6688	4128
5632	7210
2159	5528
4134	4918
2321	7630
9603	6456
6735	8586
6279	2266
445	8790
8376	4249
5086	7741
5402	9459
9536	619
9229	419
4954	7132
7159	7563
6366	1807
369	1499
6244	7186
8759	5424
6756	7633
4924	907
717	1458
109	3793
9115	243
8852	4614
5677	672
6247	4400
4075	574
6903	9084
9218	2882
6056	5876
6570	5131
264	5430
1572	4632
9575	3369
3961	8416
7542	4053
9066	8441
2034	9384
2323	2208
3293	9563
4015	7622
8868	595
7933	6636
3121	1670
2182	5670
5039	2410
9021	8238
6044	7317
3883	6313
3776	7914
5797	3351
7200	3390
222	3722
9714	4035
1207	191
9116	5185
6473	5182
2315	1921
2874	5376
58	8354
209	6032
3565	1784
2749	1274
9577	302
5963	4219
6554	1316
8359	8505
8452	3922
9492	6410
3169	9535
9381	5197
9308	4436
1859	2124
9870	4195
4483	2490
2207	6890
4323	4220
9586	8424
9178	6618
692	1864
58	699
6346	8747
6689	8579
4520	8602
1276	2273
5532	5097
6231	1420
7274	5735
3413	8753
38	4821
4670	6985
3477	1314
7427	1731
7757	6990
5931	4943
7942	9271
5520	1771
9963	5028
721	7211
6924	9440
9120	5053
8680	1712
1759	8350
1819	539
8474	4738
4587	2345
1890	5489
4123	5714
3148	4904
4381	6367
9705	2854
9743	3541
6619	6209
8639	7857
5318	3697
6131	4845
9836	9060
6118	2657
2274	778
2239	2996
5468	9765
4843	6702
8404	3017
1033	3126
8250	5139
4992	7539
6715	4200
7204	8666
6485	2605
5667	8258
7143	6142
5678	6333
3891	6409
5090	6704
3153	5579
5664	398
9116	8562
2094	789
1438	5662
4381	9494
4514	8188
2931	9750
6383	8732
6648	6434
9011	5386
9011	1833
7544	651
3355	4385
4774	8898
1278	7132
68	9564
8232	94
3615	440
7687	8212
7977	9276
9552	4431
5530	8778
8519	4656
4730	1409
8133	7490
2338	3135
1547	1217
9981	4058
1084	6590
2553	2034
4966	545
10	5919
8597	9563
4068	7470
1746	4944
7407	7705
6392	354
5226	1308
9658	6634
6010	9330
4933	4895
1364	4032
6207	5791
2230	4089
7847	6869
6861	6261
9412	8055
7610	2260
6275	5462
3678	3946
5421	2198
9886	2288
5485	2702
9584	213
4118	4758
1512	4849
3745	4693
7868	2558
1630	6396
427	9668
5162	7635
1056	2594
7188	4056
284	4990
2404	4542
6715	8474
5269	5360
1719	2403
2755	5732
6935	450
4523	597
7134	2439
9868	8559
286	7518
6653	8918
9431	1365
4515	5867
4247	6979
505	8505
4061	1423
1980	7919
7862	7615
6677	2862
9943	7043
624	6190
7083	7243
7570	5843
4274	4990
7095	3706
3611	1260
1622	7879
8578	2980
7212	839
7259	8219
3144	375
7677	2290
9802	1949
3943	4627
8443	5692
1498	7781
2254	3780
6955	630
251	8702
989	3267
224	1289
9796	9232
4840	7102
4958	7523
7947	5144
8192	4381
4455	1553
1246	5226
4474	5095
8369	6158
3774	7233
8407	5694
3807	5619
2833	64
649	9521
1980	6580
3107	5793
7305	3955
5627	5590
5433	7295
2037	6978
2302	1629
8335	6425
3398	8473
9491	7138
1674	5241
5221	5497
823	6395
3311	4468
9444	4127
988	4570
7731	436
1816	6977
3204	386
752	6250
9114	5728
1892	5734
8470	4328
7376	6830
9202	3680
1949	4384
799	2880
8458	7956
2185	8574
2653	5639
4550	6000
2303	354
9394	6888
7423	86
7181	2719
3730	1516
5619	6410
1167	3420
1852	7499
8598	837
7799	271
4725	6294
1018	1331
9462	5867
10000	2897
4625	5164
4513	6428
7916	8274
4476	8499
8934	236
1190	2302
3138	6539
6059	1720
6735	2175
7443	2134
2388	6423
3064	2974
1987	9116
5108	7360
6869	9629
1560	3799
1203	1189
4215	713
2682	7333
8604	5495
778	6663
5472	3442
2519	5619
6701	2277
1152	5732
1011	8653
1271	6781
9775	7129
4112	5975
4836	2034
4489	5262
6512	3106
9195	4064
2424	4911
5831	4109
799	7045
3186	778
7192	8363
9037	9367
5490	7534
3513	9293
7966	5974
6823	7261
6941	160
1889	4419
4007	5385
4832	774
1601	146
3807	9735
3499	5045
3332	9066
8403	8656
1047	8553
1660	7985
472	5184
2167	2780
5687	8652
5071	9926
4366	4294
3059	840
7638	8363
290	9113
9849	9523
7710	1193
6904	9937
824	2555
5823	9449
2213	2016
6008	8768
8626	1676
5266	5756
5282	6160
2099	6160
5617	1223
8929	4221
6612	8634
5699	6935
9246	8226
5105	4980
8948	7956
6665	5199
2815	7941
2448	8949
3866	2130
1339	4998
5477	6368
449	5536
2617	5034
347	8555
6329	3886
2374	6392
4645	5325
6641	8977
5265	5822
9531	7229
7555	272
4027	1571
2686	5843
8771	5500
5861	9077
4031	9181
9582	5561
7286	5223
9593	6116
767	3113
1373	3399
5842	2718
8311	2157
970	7473
7428	2585
7650	36
96	1624
4645	8817
5375	8428
1969	5767
3674	1728
7971	9596
8251	1394
2458	9687
8805	4558
9383	2175
7371	990
6868	9304
8476	1101
8505	2738
6952	3943
5162	6781
5743	7501
2638	3080
6234	960
7669	5046
7564	2586
7891	6292
7282	8730
4322	2107
1407	5847
8702	8915
4593	6110
6755	2638
469	2725
181	5342
2510	8996
9517	143
561	438
384	2207
7100	8883
4660	2932
1924	4368
2408	7795
7384	8846
5083	3710
4908	1176
6821	7132
7649	2654
7645	410
6247	1396
4018	6406
570	1552
6456	2794
914	3709
1874	6888
112	1754
3442	3562
8313	1748
1129	5562
7443	2993
196	6722
904	4229
2693	5054
4167	9637
7174	4750
7268	7205
1220	8618
5286	2428
3	702
5605	5986
9175	9609
9216	9811
8175	4523
8965	1129
7215	6297
4690	3923
7893	8138
6702	4574
6725	7881
8762	9670
3728	1617
9493	8662
7097	5839
8492	9997
4590	6127
2864	3606
8712	6333
629	128
4958	1445
7667	5152
6615	4396
4027	8116
794	7164
5546	9294
5882	7753
4363	7925
7746	9099
7071	1095
2937	4948
7707	5997
937	1681
2238	3897
6776	6958
5926	8678
4583	7967
7857	190
7421	7716
8031	8808
7738	7372
9699	8763
539	288
6418	7335
6171	1291
779	368
8608	7854
1553	1496
6365	1556
520	294
800	2389
8755	7169
716	5013
2560	7365
9408	9921
6378	7174
86	2693
1332	4565
3178	96
1672	1137
5344	7617
3656	4715
8551	2295
8958	4803
9652	4385
6098	2856
7731	1280
8260	8065
7686	4445
3563	499
757	1159
8958	8351
7773	984
4512	9103
939	2673
4377	5690
994	4530
1465	6963
4351	1193
6466	2025
8624	7614
8261	8247
2136	7879
5463	3185
1515	6723
9216	1352
3144	6619
7817	7468
3661	2398
2323	8241
3979	5450
2352	1411
5068	3615
2504	2199
8454	9656
1209	3677
260	2834
2862	8553
3981	2125
3335	430
9179	1954
70	5829
6073	3676
3891	7939
5074	8837
6728	8294
6278	6231
8861	9967
1096	2846
8165	1200
9723	7992
3432	1073
5856	1347
1267	407
6508	2123
8936	6925
5761	5163
1143	6815
371	9226
4600	5725
7698	5258
4225	7335
5821	6160
3416	7854
3648	2314
7509	1712
9213	9093
2352	549
7440	6523
9469	7577
5294	8417
1933	5901
2463	1455
7405	3602
5366	9918
2733	4934
4969	5680
5229	4478
1792	6606
9167	7263
6616	4412
5012	8689
2701	8949
6734	4147
1174	2526
7136	503
9150	2664
2600	5306
3077	2382
3566	6582
3870	4503
1998	296
5128	2510
8961	8335
9159	2929
1489	366
851	9184
1016	5540
6711	7747
3849	6385
5148	9268
7679	9904
3819	8280
7855	4259
7272	2851
5408	1725
7367	329
1144	1256
438	5661
6006	4476
1053	1674
3146	8314
70	3679
790	9265
3202	2367
7388	3567
8820	2124
7041	5758
1091	3252
6147	2175
4833	2595
6340	4779
8843	4407
8241	2371
6705	6131
2047	8560
2407	1500
9432	4393
8326	9195
3244	5524
702	9705
1588	9374
5460	1851
9938	5064
4605	1596
1532	2115
2267	614
2172	4712
8880	1307
2272	8351
5102	3492
5528	417
6554	1993
3558	9232
1833	4135
3161	6353
9431	7687
1211	1128
9891	2777
3908	2556
718	2246
1448	5487
8263	2176
2349	2483
5252	5644
5809	2671
391	651
5302	2281
3296	2131
4664	5180
4521	4614
7975	4567
3500	6739
5310	1771
4273	1777
798	8179
1032	9192
1385	2623
2366	1359
6809	4405
8514	1432
5992	1152
4379	4107
2732	8767
8831	191
4802	5747
9979	9354
4645	643
4161	6469
4082	5138
9863	612
1187	7303
2454	4128
4065	7667
8855	4441
7306	5766
1718	1367
937	7375
4876	3968
632	7514
3098	2576
9215	8966
4967	557
2232	1795
9736	5302
5970	9267
7260	7263
8269	8363
7175	2805
8680	4264
7381	5071
3150	4137
1082	4507
2752	8971
3827	986
9463	1567
8531	8498
6210	2227
2670	4590
8601	7526
5988	7499
3550	1032
8904	4001
8122	6178
9420	1894
9357	3182
536	2537
5864	2512
8203	1262
2533	2250
1201	3846
5345	9468
1171	8848
7557	7444
3894	245
6749	8121
5475	641
1499	2298
4659	8216
9704	6176
4798	7151
3637	4453
7589	3329
7166	7038
3943	8402
5088	6175
547	8422
4378	9822
595	3236
5287	6308
2386	1481
9032	9629
2449	4827
2534	9183
1674	4556
3009	8864
4010	968
672	2118
3302	7141
9164	8821
1180	7260
1687	5360
295	1719
2162	6951
1157	3814
8758	4495
3289	5861
2004	190
2643	2786
7462	6680
9077	9151
9074	2238
5157	659
4837	3088
1862	239
5446	1860
6931	9400
9001	6088
3138	7584
5312	3528
1563	1947
8734	6197
9802	8577
3797	3938
1776	5965
6552	4639
5972	8547
3117	5005
9884	7723
1718	5788
9784	4168
2077	4155
5771	7654
2741	4596
1547	2137
5834	6567
7296	3440
4170	2712
3231	6024
6299	3404
2894	9684
1149	2936
7260	3786
2065	9710
6363	2861
8724	9424
2416	6925
6820	6746
7066	9137
3989	9540
5189	1240
9147	8151
6478	5565
2534	9990
8580	6303
5387	1179
9464	5491
3149	8828
9334	3162
9062	3610
8008	4220
6580	7625
7788	867
8521	6262
600	1345
6409	7645
1038	6752
3047	5303
3927	6206
8549	8896
8869	3005
2631	472
1490	6413
5776	165
7564	8587
733	2311
3536	1537
9522	3355
7578	802
7184	9501
5033	4109
678	7482
2586	6188
2986	1934
4331	9739
948	2071
4719	7044
3730	2639
7466	4914
2749	5638
8676	8775
4757	3968
5029	4700
1947	6496
7500	1617
1125	8929
308	7709
7159	4983
6049	3384
2739	5730
6303	5974
778	2807
465	9329
3454	1306
4978	402
9501	5192
6881	4877
1419	8051
6936	5006
6748	9675
5773	2160
2706	1265
3974	4102
7154	2581
4672	1704
5841	5167
9626	4851
6768	8067
9400	9490
7567	9427
5442	6024
310	6165
198	9805
3362	8645
1611	1489
1935	260
811	6862
9036	3795
4244	2872
1986	3262
4815	2296
952	8401
5402	8538
8487	686
3804	6740
3941	8902
4643	5092
2145	1353
7743	2373
6267	9419
820	6713
5623	6563
3731	9144
7815	3825
4444	1259
879	6756
9831	347
1262	9448
5397	2353
3422	9722
2280	4139
8273	3764
7629	4319
6087	9065
8869	341
3652	283
6987	3012
801	3989
2751	1899
197	8700
632	665
6633	6710
2975	1102
964	585
1706	4159
484	6
4296	5167
6011	6119
9914	1021
4905	2547
485	4118
801	4878
1486	7350
2005	2811
635	6467
9246	8263
2782	1516
2867	3263
2431	5533
4781	1914
5281	5717
3462	2030
1700	2515
8903	1839
1509	3246
9350	8956
3908	4875
1724	4509
773	6716
4960	7590
4782	7505
2130	2923
8188	5604
6524	8369
348	3009
8761	4266
1137	4818
8502	227
5253	3102
3727	6018
7391	8377
1613	2366
2965	2103
353	6155
49	4135
2601	6701
1723	827
9817	7154
8775	2159
5431	8984
133	9261
6700	7394
3665	6722
6357	456
656	1712
8624	7762
6089	7186
4585	8783
4990	1727
7598	1649
9856	4056
3917	5603
7516	1565
6994	2956
4229	6372
6210	6005
8350	3651
6019	327
2718	9691
9289	5521
9874	3032
4204	7368
1762	6058
7884	2832
9153	7242
3662	4496
5336	8528
9318	1559
579	1376
4106	4758
3342	7564
3434	4848
7694	9146
5692	8545
2888	6487
